records:[61, 'a', 'a', 'a', 'a', 'a', 'a', 'a', 'a', 'a']
+++++++++++++++++++++++++++
[(35, 35), (36, 36), (37, 37), (38, 38), (39, 39), (40, 40), (41, 41), (42, 42), (43, 43), (44, 44), (45, 45), (46, 46), (47, 47), (48, 48), (49, 49), (50, 50), (51, 51)]
+++++++++++++++++++++++++++
records:[61, 63, 'a', 'a', 'a', 'a', 'a', 'a', 'a', 'a']
+++++++++++++++++++++++++++
[(35, 35), (36, 36), (37, 37), (38, 38), (39, 39), (40, 40), (41, 41), (42, 42), (43, 43), (44, 44), (45, 45), (46, 46), (47, 47), (48, 48), (49, 49), (50, 50), (51, 51)]
+++++++++++++++++++++++++++
records:[61, 63, 64, 'a', 'a', 'a', 'a', 'a', 'a', 'a']
+++++++++++++++++++++++++++
[(35, 35), (36, 36), (37, 37), (38, 38), (39, 39), (40, 40), (41, 41), (42, 42), (43, 43), (44, 44), (45, 45), (46, 46), (47, 47), (48, 48), (49, 49), (50, 50), (51, 51)]
+++++++++++++++++++++++++++
records:[61, 63, 64, 64, 'a', 'a', 'a', 'a', 'a', 'a']
+++++++++++++++++++++++++++
[(35, 35), (36, 36), (37, 37), (38, 38), (39, 39), (40, 40), (41, 41), (42, 42), (43, 43), (44, 44), (45, 45), (46, 46), (47, 47), (48, 48), (49, 49), (50, 50), (51, 51)]
+++++++++++++++++++++++++++
records:[61, 63, 64, 64, 66, 'a', 'a', 'a', 'a', 'a']
+++++++++++++++++++++++++++
[(35, 35), (36, 36), (37, 37), (38, 38), (39, 39), (40, 40), (41, 41), (42, 42), (43, 43), (44, 44), (45, 45), (46, 46), (47, 47), (48, 48), (49, 49), (50, 50), (51, 51)]
+++++++++++++++++++++++++++
records:[61, 63, 64, 64, 66, 66, 'a', 'a', 'a', 'a']
+++++++++++++++++++++++++++
[(35, 35), (36, 36), (37, 37), (38, 38), (39, 39), (40, 40), (41, 41), (42, 42), (43, 43), (44, 44), (45, 45), (46, 46), (47, 47), (48, 48), (49, 49), (50, 50), (51, 51)]
+++++++++++++++++++++++++++
records:[61, 63, 64, 64, 66, 66, 69, 'a', 'a', 'a']
+++++++++++++++++++++++++++
[(35, 35), (36, 36), (37, 37), (38, 38), (39, 39), (40, 40), (41, 41), (42, 42), (43, 43), (44, 44), (45, 45), (46, 46), (47, 47), (48, 48), (49, 49), (50, 50), (51, 51)]
+++++++++++++++++++++++++++
records:[61, 61, 63, 64, 64, 66, 66, 69, 'a', 'a']
+++++++++++++++++++++++++++
[(35, 35), (36, 36), (37, 37), (38, 38), (39, 39), (40, 40), (41, 41), (42, 42), (43, 43), (44, 44), (45, 45), (46, 46), (47, 47), (48, 48), (49, 49), (50, 50), (51, 51)]
+++++++++++++++++++++++++++
records:[61, 61, 61, 63, 64, 64, 66, 66, 69, 'a']
+++++++++++++++++++++++++++
[(35, 35), (36, 36), (37, 37), (38, 38), (39, 39), (40, 40), (41, 41), (42, 42), (43, 43), (44, 44), (45, 45), (46, 46), (47, 47), (48, 48), (49, 49), (50, 50), (51, 51)]
+++++++++++++++++++++++++++
records:[61, 61, 61, 63, 63, 64, 64, 66, 66, 69]
+++++++++++++++++++++++++++
[(35, 35), (36, 36), (37, 37), (38, 38), (39, 39), (40, 40), (41, 41), (42, 42), (43, 43), (44, 44), (45, 45), (46, 46), (47, 47), (48, 48), (49, 49), (50, 50), (51, 51)]
+++++++++++++++++++++++++++
records:[61, 61, 61, 63, 63, 63, 64, 64, 66, 66]
+++++++++++++++++++++++++++
[(35, 35), (36, 36), (37, 37), (38, 38), (39, 39), (40, 40), (41, 41), (42, 42), (43, 43), (44, 44), (45, 45), (46, 46), (47, 47), (48, 48), (49, 49), (50, 50), (51, 51)]
+++++++++++++++++++++++++++
records:[61, 61, 61, 63, 63, 63, 64, 64, 64, 66]
+++++++++++++++++++++++++++
[(35, 35), (36, 36), (37, 37), (38, 38), (39, 39), (40, 40), (41, 41), (42, 42), (43, 43), (44, 44), (45, 45), (46, 46), (47, 47), (48, 48), (49, 49), (50, 50), (51, 51)]
+++++++++++++++++++++++++++
records:[61, 61, 61, 63, 63, 63, 64, 64, 64, 64]
+++++++++++++++++++++++++++
[(35, 35), (36, 36), (37, 37), (38, 38), (39, 39), (40, 40), (41, 41), (42, 42), (43, 43), (44, 44), (45, 45), (46, 46), (47, 47), (48, 48), (49, 49), (50, 50), (51, 51)]
+++++++++++++++++++++++++++
records:[61, 61, 61, 61, 63, 63, 63, 64, 64, 64]
+++++++++++++++++++++++++++
[(35, 35), (36, 36), (37, 37), (38, 38), (39, 39), (40, 40), (41, 41), (42, 42), (43, 43), (44, 44), (45, 45), (46, 46), (47, 47), (48, 48), (49, 49), (50, 50), (51, 51)]
+++++++++++++++++++++++++++
records:[61, 61, 61, 61, 61, 63, 63, 63, 64, 64]
+++++++++++++++++++++++++++
[(35, 35), (36, 36), (37, 37), (38, 38), (39, 39), (40, 40), (41, 41), (42, 42), (43, 43), (44, 44), (45, 45), (46, 46), (47, 47), (48, 48), (49, 49), (50, 50), (51, 51)]
+++++++++++++++++++++++++++
records:[61, 61, 61, 61, 61, 61, 63, 63, 63, 64]
+++++++++++++++++++++++++++
[(35, 35), (36, 36), (37, 37), (38, 38), (39, 39), (40, 40), (41, 41), (42, 42), (43, 43), (44, 44), (45, 45), (46, 46), (47, 47), (48, 48), (49, 49), (50, 50), (51, 51)]
+++++++++++++++++++++++++++
records:[61, 61, 61, 61, 61, 61, 61, 63, 63, 63]
+++++++++++++++++++++++++++
[(35, 35), (36, 36), (37, 37), (38, 38), (39, 39), (40, 40), (41, 41), (42, 42), (43, 43), (44, 44), (45, 45), (46, 46), (47, 47), (48, 48), (49, 49), (50, 50), (51, 51)]
+++++++++++++++++++++++++++
