records:[63, 'a', 'a', 'a', 'a', 'a', 'a', 'a', 'a', 'a']
+++++++++++++++++++++++++++
[(35, 35), (36, 36), (37, 37), (38, 38), (39, 39), (40, 40), (41, 41), (42, 42), (43, 43), (44, 44), (45, 45), (46, 46), (47, 47), (48, 48), (49, 49), (50, 50), (51, 51)]
+++++++++++++++++++++++++++
records:[63, 68, 'a', 'a', 'a', 'a', 'a', 'a', 'a', 'a']
+++++++++++++++++++++++++++
[(35, 35), (36, 36), (37, 37), (38, 38), (39, 39), (40, 40), (41, 41), (42, 42), (43, 43), (44, 44), (45, 45), (46, 46), (47, 47), (48, 48), (49, 49), (50, 50), (51, 51)]
+++++++++++++++++++++++++++
records:[63, 68, 202, 'a', 'a', 'a', 'a', 'a', 'a', 'a']
+++++++++++++++++++++++++++
[(35, 35), (36, 36), (37, 37), (38, 38), (39, 39), (40, 40), (41, 41), (42, 42), (43, 43), (44, 44), (45, 45), (46, 46), (47, 47), (48, 48), (49, 49), (50, 50), (51, 51)]
+++++++++++++++++++++++++++
records:[63, 68, 202, 202, 'a', 'a', 'a', 'a', 'a', 'a']
+++++++++++++++++++++++++++
[(35, 35), (36, 36), (37, 37), (38, 38), (39, 39), (40, 40), (41, 41), (42, 42), (43, 43), (44, 44), (45, 45), (46, 46), (47, 47), (48, 48), (49, 49), (50, 50), (51, 51)]
+++++++++++++++++++++++++++
records:[63, 68, 202, 202, 311, 'a', 'a', 'a', 'a', 'a']
+++++++++++++++++++++++++++
[(35, 35), (36, 36), (37, 37), (38, 38), (39, 39), (40, 40), (41, 41), (42, 42), (43, 43), (44, 44), (45, 45), (46, 46), (47, 47), (48, 48), (49, 49), (50, 50), (51, 51)]
+++++++++++++++++++++++++++
records:[63, 68, 202, 202, 311, 311, 'a', 'a', 'a', 'a']
+++++++++++++++++++++++++++
[(35, 35), (36, 36), (37, 37), (38, 38), (39, 39), (40, 40), (41, 41), (42, 42), (43, 43), (44, 44), (45, 45), (46, 46), (47, 47), (48, 48), (49, 49), (50, 50), (51, 51)]
+++++++++++++++++++++++++++
records:[63, 68, 202, 202, 311, 311, 311, 'a', 'a', 'a']
+++++++++++++++++++++++++++
[(35, 35), (36, 36), (37, 37), (38, 38), (39, 39), (40, 40), (41, 41), (42, 42), (43, 43), (44, 44), (45, 45), (46, 46), (47, 47), (48, 48), (49, 49), (50, 50), (51, 51)]
+++++++++++++++++++++++++++
records:[63, 68, 202, 202, 311, 311, 311, 311, 'a', 'a']
+++++++++++++++++++++++++++
[(35, 35), (36, 36), (37, 37), (38, 38), (39, 39), (40, 40), (41, 41), (42, 42), (43, 43), (44, 44), (45, 45), (46, 46), (47, 47), (48, 48), (49, 49), (50, 50), (51, 51)]
+++++++++++++++++++++++++++
records:[63, 68, 202, 202, 311, 311, 311, 311, 311, 'a']
+++++++++++++++++++++++++++
[(35, 35), (36, 36), (37, 37), (38, 38), (39, 39), (40, 40), (41, 41), (42, 42), (43, 43), (44, 44), (45, 45), (46, 46), (47, 47), (48, 48), (49, 49), (50, 50), (51, 51)]
+++++++++++++++++++++++++++
records:[63, 68, 202, 202, 311, 311, 311, 311, 311, 311]
+++++++++++++++++++++++++++
[(35, 35), (36, 36), (37, 37), (38, 38), (39, 39), (40, 40), (41, 41), (42, 42), (43, 43), (44, 44), (45, 45), (46, 46), (47, 47), (48, 48), (49, 49), (50, 50), (51, 51)]
+++++++++++++++++++++++++++
