records:[321, 'a', 'a', 'a', 'a', 'a', 'a', 'a', 'a', 'a']
+++++++++++++++++++++++++++
[(50, 50), (51, 51), (52, 52), (53, 53), (54, 54), (55, 55), (56, 56), (57, 57), (58, 58), (59, 59), (60, 60), (61, 61), (62, 62), (63, 63), (64, 64), (65, 65), (66, 66), (67, 67), (68, 68), (69, 69), (70, 70), (71, 71), (72, 72), (73, 73), (74, 74), (75, 75), (76, 76), (77, 77), (78, 78), (79, 79), (80, 80), (81, 81), (82, 82), (83, 83), (84, 84), (85, 85), (86, 86), (87, 87), (88, 88), (89, 89), (90, 90), (91, 91), (92, 92), (93, 93), (94, 94), (95, 95), (96, 96), (97, 97), (98, 98), (99, 99)]
+++++++++++++++++++++++++++
records:[321, 321, 'a', 'a', 'a', 'a', 'a', 'a', 'a', 'a']
+++++++++++++++++++++++++++
[(50, 50), (51, 51), (52, 52), (53, 53), (54, 54), (55, 55), (56, 56), (57, 57), (58, 58), (59, 59), (60, 60), (61, 61), (62, 62), (63, 63), (64, 64), (65, 65), (66, 66), (67, 67), (68, 68), (69, 69), (70, 70), (71, 71), (72, 72), (73, 73), (74, 74), (75, 75), (76, 76), (77, 77), (78, 78), (79, 79), (80, 80), (81, 81), (82, 82), (83, 83), (84, 84), (85, 85), (86, 86), (87, 87), (88, 88), (89, 89), (90, 90), (91, 91), (92, 92), (93, 93), (94, 94), (95, 95), (96, 96), (97, 97), (98, 98), (99, 99)]
+++++++++++++++++++++++++++
records:[321, 321, 356, 'a', 'a', 'a', 'a', 'a', 'a', 'a']
+++++++++++++++++++++++++++
[(50, 50), (51, 51), (52, 52), (53, 53), (54, 54), (55, 55), (56, 56), (57, 57), (58, 58), (59, 59), (60, 60), (61, 61), (62, 62), (63, 63), (64, 64), (65, 65), (66, 66), (67, 67), (68, 68), (69, 69), (70, 70), (71, 71), (72, 72), (73, 73), (74, 74), (75, 75), (76, 76), (77, 77), (78, 78), (79, 79), (80, 80), (81, 81), (82, 82), (83, 83), (84, 84), (85, 85), (86, 86), (87, 87), (88, 88), (89, 89), (90, 90), (91, 91), (92, 92), (93, 93), (94, 94), (95, 95), (96, 96), (97, 97), (98, 98), (99, 99)]
+++++++++++++++++++++++++++
records:[321, 321, 356, 356, 'a', 'a', 'a', 'a', 'a', 'a']
+++++++++++++++++++++++++++
[(50, 50), (51, 51), (52, 52), (53, 53), (54, 54), (55, 55), (56, 56), (57, 57), (58, 58), (59, 59), (60, 60), (61, 61), (62, 62), (63, 63), (64, 64), (65, 65), (66, 66), (67, 67), (68, 68), (69, 69), (70, 70), (71, 71), (72, 72), (73, 73), (74, 74), (75, 75), (76, 76), (77, 77), (78, 78), (79, 79), (80, 80), (81, 81), (82, 82), (83, 83), (84, 84), (85, 85), (86, 86), (87, 87), (88, 88), (89, 89), (90, 90), (91, 91), (92, 92), (93, 93), (94, 94), (95, 95), (96, 96), (97, 97), (98, 98), (99, 99)]
+++++++++++++++++++++++++++
records:[321, 321, 356, 356, 369, 'a', 'a', 'a', 'a', 'a']
+++++++++++++++++++++++++++
[(50, 50), (51, 51), (52, 52), (53, 53), (54, 54), (55, 55), (56, 56), (57, 57), (58, 58), (59, 59), (60, 60), (61, 61), (62, 62), (63, 63), (64, 64), (65, 65), (66, 66), (67, 67), (68, 68), (69, 69), (70, 70), (71, 71), (72, 72), (73, 73), (74, 74), (75, 75), (76, 76), (77, 77), (78, 78), (79, 79), (80, 80), (81, 81), (82, 82), (83, 83), (84, 84), (85, 85), (86, 86), (87, 87), (88, 88), (89, 89), (90, 90), (91, 91), (92, 92), (93, 93), (94, 94), (95, 95), (96, 96), (97, 97), (98, 98), (99, 99)]
+++++++++++++++++++++++++++
records:[321, 321, 356, 356, 369, 369, 'a', 'a', 'a', 'a']
+++++++++++++++++++++++++++
[(50, 50), (51, 51), (52, 52), (53, 53), (54, 54), (55, 55), (56, 56), (57, 57), (58, 58), (59, 59), (60, 60), (61, 61), (62, 62), (63, 63), (64, 64), (65, 65), (66, 66), (67, 67), (68, 68), (69, 69), (70, 70), (71, 71), (72, 72), (73, 73), (74, 74), (75, 75), (76, 76), (77, 77), (78, 78), (79, 79), (80, 80), (81, 81), (82, 82), (83, 83), (84, 84), (85, 85), (86, 86), (87, 87), (88, 88), (89, 89), (90, 90), (91, 91), (92, 92), (93, 93), (94, 94), (95, 95), (96, 96), (97, 97), (98, 98), (99, 99)]
+++++++++++++++++++++++++++
records:[321, 321, 356, 356, 369, 369, 369, 'a', 'a', 'a']
+++++++++++++++++++++++++++
[(50, 50), (51, 51), (52, 52), (53, 53), (54, 54), (55, 55), (56, 56), (57, 57), (58, 58), (59, 59), (60, 60), (61, 61), (62, 62), (63, 63), (64, 64), (65, 65), (66, 66), (67, 67), (68, 68), (69, 69), (70, 70), (71, 71), (72, 72), (73, 73), (74, 74), (75, 75), (76, 76), (77, 77), (78, 78), (79, 79), (80, 80), (81, 81), (82, 82), (83, 83), (84, 84), (85, 85), (86, 86), (87, 87), (88, 88), (89, 89), (90, 90), (91, 91), (92, 92), (93, 93), (94, 94), (95, 95), (96, 96), (97, 97), (98, 98), (99, 99)]
+++++++++++++++++++++++++++
records:[321, 321, 356, 356, 369, 369, 369, 383, 'a', 'a']
+++++++++++++++++++++++++++
[(50, 50), (51, 51), (52, 52), (53, 53), (54, 54), (55, 55), (56, 56), (57, 57), (58, 58), (59, 59), (60, 60), (61, 61), (62, 62), (63, 63), (64, 64), (65, 65), (66, 66), (67, 67), (68, 68), (69, 69), (70, 70), (71, 71), (72, 72), (73, 73), (74, 74), (75, 75), (76, 76), (77, 77), (78, 78), (79, 79), (80, 80), (81, 81), (82, 82), (83, 83), (84, 84), (85, 85), (86, 86), (87, 87), (88, 88), (89, 89), (90, 90), (91, 91), (92, 92), (93, 93), (94, 94), (95, 95), (96, 96), (97, 97), (98, 98), (99, 99)]
+++++++++++++++++++++++++++
records:[321, 321, 356, 356, 369, 369, 369, 383, 399, 'a']
+++++++++++++++++++++++++++
[(50, 50), (51, 51), (52, 52), (53, 53), (54, 54), (55, 55), (56, 56), (57, 57), (58, 58), (59, 59), (60, 60), (61, 61), (62, 62), (63, 63), (64, 64), (65, 65), (66, 66), (67, 67), (68, 68), (69, 69), (70, 70), (71, 71), (72, 72), (73, 73), (74, 74), (75, 75), (76, 76), (77, 77), (78, 78), (79, 79), (80, 80), (81, 81), (82, 82), (83, 83), (84, 84), (85, 85), (86, 86), (87, 87), (88, 88), (89, 89), (90, 90), (91, 91), (92, 92), (93, 93), (94, 94), (95, 95), (96, 96), (97, 97), (98, 98), (99, 99)]
+++++++++++++++++++++++++++
records:[321, 321, 356, 356, 369, 369, 369, 383, 399, 399]
+++++++++++++++++++++++++++
[(50, 50), (51, 51), (52, 52), (53, 53), (54, 54), (55, 55), (56, 56), (57, 57), (58, 58), (59, 59), (60, 60), (61, 61), (62, 62), (63, 63), (64, 64), (65, 65), (66, 66), (67, 67), (68, 68), (69, 69), (70, 70), (71, 71), (72, 72), (73, 73), (74, 74), (75, 75), (76, 76), (77, 77), (78, 78), (79, 79), (80, 80), (81, 81), (82, 82), (83, 83), (84, 84), (85, 85), (86, 86), (87, 87), (88, 88), (89, 89), (90, 90), (91, 91), (92, 92), (93, 93), (94, 94), (95, 95), (96, 96), (97, 97), (98, 98), (99, 99)]
+++++++++++++++++++++++++++
records:[321, 321, 321, 356, 356, 369, 369, 369, 383, 399]
+++++++++++++++++++++++++++
[(50, 50), (51, 51), (52, 52), (53, 53), (54, 54), (55, 55), (56, 56), (57, 57), (58, 58), (59, 59), (60, 60), (61, 61), (62, 62), (63, 63), (64, 64), (65, 65), (66, 66), (67, 67), (68, 68), (69, 69), (70, 70), (71, 71), (72, 72), (73, 73), (74, 74), (75, 75), (76, 76), (77, 77), (78, 78), (79, 79), (80, 80), (81, 81), (82, 82), (83, 83), (84, 84), (85, 85), (86, 86), (87, 87), (88, 88), (89, 89), (90, 90), (91, 91), (92, 92), (93, 93), (94, 94), (95, 95), (96, 96), (97, 97), (98, 98), (99, 99)]
+++++++++++++++++++++++++++
records:[321, 321, 321, 321, 356, 356, 369, 369, 369, 383]
+++++++++++++++++++++++++++
[(50, 50), (51, 51), (52, 52), (53, 53), (54, 54), (55, 55), (56, 56), (57, 57), (58, 58), (59, 59), (60, 60), (61, 61), (62, 62), (63, 63), (64, 64), (65, 65), (66, 66), (67, 67), (68, 68), (69, 69), (70, 70), (71, 71), (72, 72), (73, 73), (74, 74), (75, 75), (76, 76), (77, 77), (78, 78), (79, 79), (80, 80), (81, 81), (82, 82), (83, 83), (84, 84), (85, 85), (86, 86), (87, 87), (88, 88), (89, 89), (90, 90), (91, 91), (92, 92), (93, 93), (94, 94), (95, 95), (96, 96), (97, 97), (98, 98), (99, 99)]
+++++++++++++++++++++++++++
records:[321, 321, 321, 321, 323, 356, 356, 369, 369, 369]
+++++++++++++++++++++++++++
[(50, 50), (51, 51), (52, 52), (53, 53), (54, 54), (55, 55), (56, 56), (57, 57), (58, 58), (59, 59), (60, 60), (61, 61), (62, 62), (63, 63), (64, 64), (65, 65), (66, 66), (67, 67), (68, 68), (69, 69), (70, 70), (71, 71), (72, 72), (73, 73), (74, 74), (75, 75), (76, 76), (77, 77), (78, 78), (79, 79), (80, 80), (81, 81), (82, 82), (83, 83), (84, 84), (85, 85), (86, 86), (87, 87), (88, 88), (89, 89), (90, 90), (91, 91), (92, 92), (93, 93), (94, 94), (95, 95), (96, 96), (97, 97), (98, 98), (99, 99)]
+++++++++++++++++++++++++++
records:[321, 321, 321, 321, 323, 356, 356, 356, 369, 369]
+++++++++++++++++++++++++++
[(50, 50), (51, 51), (52, 52), (53, 53), (54, 54), (55, 55), (56, 56), (57, 57), (58, 58), (59, 59), (60, 60), (61, 61), (62, 62), (63, 63), (64, 64), (65, 65), (66, 66), (67, 67), (68, 68), (69, 69), (70, 70), (71, 71), (72, 72), (73, 73), (74, 74), (75, 75), (76, 76), (77, 77), (78, 78), (79, 79), (80, 80), (81, 81), (82, 82), (83, 83), (84, 84), (85, 85), (86, 86), (87, 87), (88, 88), (89, 89), (90, 90), (91, 91), (92, 92), (93, 93), (94, 94), (95, 95), (96, 96), (97, 97), (98, 98), (99, 99)]
+++++++++++++++++++++++++++
records:[321, 321, 321, 321, 323, 356, 356, 356, 358, 369]
+++++++++++++++++++++++++++
[(50, 50), (51, 51), (52, 52), (53, 53), (54, 54), (55, 55), (56, 56), (57, 57), (58, 58), (59, 59), (60, 60), (61, 61), (62, 62), (63, 63), (64, 64), (65, 65), (66, 66), (67, 67), (68, 68), (69, 69), (70, 70), (71, 71), (72, 72), (73, 73), (74, 74), (75, 75), (76, 76), (77, 77), (78, 78), (79, 79), (80, 80), (81, 81), (82, 82), (83, 83), (84, 84), (85, 85), (86, 86), (87, 87), (88, 88), (89, 89), (90, 90), (91, 91), (92, 92), (93, 93), (94, 94), (95, 95), (96, 96), (97, 97), (98, 98), (99, 99)]
+++++++++++++++++++++++++++
records:[321, 321, 321, 321, 323, 323, 356, 356, 356, 358]
+++++++++++++++++++++++++++
[(50, 50), (51, 51), (52, 52), (53, 53), (54, 54), (55, 55), (56, 56), (57, 57), (58, 58), (59, 59), (60, 60), (61, 61), (62, 62), (63, 63), (64, 64), (65, 65), (66, 66), (67, 67), (68, 68), (69, 69), (70, 70), (71, 71), (72, 72), (73, 73), (74, 74), (75, 75), (76, 76), (77, 77), (78, 78), (79, 79), (80, 80), (81, 81), (82, 82), (83, 83), (84, 84), (85, 85), (86, 86), (87, 87), (88, 88), (89, 89), (90, 90), (91, 91), (92, 92), (93, 93), (94, 94), (95, 95), (96, 96), (97, 97), (98, 98), (99, 99)]
+++++++++++++++++++++++++++
records:[321, 321, 321, 321, 321, 323, 323, 356, 356, 356]
+++++++++++++++++++++++++++
[(50, 50), (51, 51), (52, 52), (53, 53), (54, 54), (55, 55), (56, 56), (57, 57), (58, 58), (59, 59), (60, 60), (61, 61), (62, 62), (63, 63), (64, 64), (65, 65), (66, 66), (67, 67), (68, 68), (69, 69), (70, 70), (71, 71), (72, 72), (73, 73), (74, 74), (75, 75), (76, 76), (77, 77), (78, 78), (79, 79), (80, 80), (81, 81), (82, 82), (83, 83), (84, 84), (85, 85), (86, 86), (87, 87), (88, 88), (89, 89), (90, 90), (91, 91), (92, 92), (93, 93), (94, 94), (95, 95), (96, 96), (97, 97), (98, 98), (99, 99)]
+++++++++++++++++++++++++++
records:[321, 321, 321, 321, 321, 323, 323, 323, 356, 356]
+++++++++++++++++++++++++++
[(50, 50), (51, 51), (52, 52), (53, 53), (54, 54), (55, 55), (56, 56), (57, 57), (58, 58), (59, 59), (60, 60), (61, 61), (62, 62), (63, 63), (64, 64), (65, 65), (66, 66), (67, 67), (68, 68), (69, 69), (70, 70), (71, 71), (72, 72), (73, 73), (74, 74), (75, 75), (76, 76), (77, 77), (78, 78), (79, 79), (80, 80), (81, 81), (82, 82), (83, 83), (84, 84), (85, 85), (86, 86), (87, 87), (88, 88), (89, 89), (90, 90), (91, 91), (92, 92), (93, 93), (94, 94), (95, 95), (96, 96), (97, 97), (98, 98), (99, 99)]
+++++++++++++++++++++++++++
records:[312, 321, 321, 321, 321, 321, 323, 323, 323, 356]
+++++++++++++++++++++++++++
[(50, 50), (51, 51), (52, 52), (53, 53), (54, 54), (55, 55), (56, 56), (57, 57), (58, 58), (59, 59), (60, 60), (61, 61), (62, 62), (63, 63), (64, 64), (65, 65), (66, 66), (67, 67), (68, 68), (69, 69), (70, 70), (71, 71), (72, 72), (73, 73), (74, 74), (75, 75), (76, 76), (77, 77), (78, 78), (79, 79), (80, 80), (81, 81), (82, 82), (83, 83), (84, 84), (85, 85), (86, 86), (87, 87), (88, 88), (89, 89), (90, 90), (91, 91), (92, 92), (93, 93), (94, 94), (95, 95), (96, 96), (97, 97), (98, 98), (99, 99)]
+++++++++++++++++++++++++++
records:[312, 314, 321, 321, 321, 321, 321, 323, 323, 323]
+++++++++++++++++++++++++++
[(50, 50), (51, 51), (52, 52), (53, 53), (54, 54), (55, 55), (56, 56), (57, 57), (58, 58), (59, 59), (60, 60), (61, 61), (62, 62), (63, 63), (64, 64), (65, 65), (66, 66), (67, 67), (68, 68), (69, 69), (70, 70), (71, 71), (72, 72), (73, 73), (74, 74), (75, 75), (76, 76), (77, 77), (78, 78), (79, 79), (80, 80), (81, 81), (82, 82), (83, 83), (84, 84), (85, 85), (86, 86), (87, 87), (88, 88), (89, 89), (90, 90), (91, 91), (92, 92), (93, 93), (94, 94), (95, 95), (96, 96), (97, 97), (98, 98), (99, 99)]
+++++++++++++++++++++++++++
records:[312, 314, 321, 321, 321, 321, 321, 321, 323, 323]
+++++++++++++++++++++++++++
[(50, 50), (51, 51), (52, 52), (53, 53), (54, 54), (55, 55), (56, 56), (57, 57), (58, 58), (59, 59), (60, 60), (61, 61), (62, 62), (63, 63), (64, 64), (65, 65), (66, 66), (67, 67), (68, 68), (69, 69), (70, 70), (71, 71), (72, 72), (73, 73), (74, 74), (75, 75), (76, 76), (77, 77), (78, 78), (79, 79), (80, 80), (81, 81), (82, 82), (83, 83), (84, 84), (85, 85), (86, 86), (87, 87), (88, 88), (89, 89), (90, 90), (91, 91), (92, 92), (93, 93), (94, 94), (95, 95), (96, 96), (97, 97), (98, 98), (99, 99)]
+++++++++++++++++++++++++++
records:[312, 314, 321, 321, 321, 321, 321, 321, 321, 323]
+++++++++++++++++++++++++++
[(50, 50), (51, 51), (52, 52), (53, 53), (54, 54), (55, 55), (56, 56), (57, 57), (58, 58), (59, 59), (60, 60), (61, 61), (62, 62), (63, 63), (64, 64), (65, 65), (66, 66), (67, 67), (68, 68), (69, 69), (70, 70), (71, 71), (72, 72), (73, 73), (74, 74), (75, 75), (76, 76), (77, 77), (78, 78), (79, 79), (80, 80), (81, 81), (82, 82), (83, 83), (84, 84), (85, 85), (86, 86), (87, 87), (88, 88), (89, 89), (90, 90), (91, 91), (92, 92), (93, 93), (94, 94), (95, 95), (96, 96), (97, 97), (98, 98), (99, 99)]
+++++++++++++++++++++++++++
records:[312, 314, 321, 321, 321, 321, 321, 321, 321, 321]
+++++++++++++++++++++++++++
[(50, 50), (51, 51), (52, 52), (53, 53), (54, 54), (55, 55), (56, 56), (57, 57), (58, 58), (59, 59), (60, 60), (61, 61), (62, 62), (63, 63), (64, 64), (65, 65), (66, 66), (67, 67), (68, 68), (69, 69), (70, 70), (71, 71), (72, 72), (73, 73), (74, 74), (75, 75), (76, 76), (77, 77), (78, 78), (79, 79), (80, 80), (81, 81), (82, 82), (83, 83), (84, 84), (85, 85), (86, 86), (87, 87), (88, 88), (89, 89), (90, 90), (91, 91), (92, 92), (93, 93), (94, 94), (95, 95), (96, 96), (97, 97), (98, 98), (99, 99)]
+++++++++++++++++++++++++++
records:[293, 312, 314, 321, 321, 321, 321, 321, 321, 321]
+++++++++++++++++++++++++++
[(50, 50), (51, 51), (52, 52), (53, 53), (54, 54), (55, 55), (56, 56), (57, 57), (58, 58), (59, 59), (60, 60), (61, 61), (62, 62), (63, 63), (64, 64), (65, 65), (66, 66), (67, 67), (68, 68), (69, 69), (70, 70), (71, 71), (72, 72), (73, 73), (74, 74), (75, 75), (76, 76), (77, 77), (78, 78), (79, 79), (80, 80), (81, 81), (82, 82), (83, 83), (84, 84), (85, 85), (86, 86), (87, 87), (88, 88), (89, 89), (90, 90), (91, 91), (92, 92), (93, 93), (94, 94), (95, 95), (96, 96), (97, 97), (98, 98), (99, 99)]
+++++++++++++++++++++++++++
records:[293, 295, 312, 314, 321, 321, 321, 321, 321, 321]
+++++++++++++++++++++++++++
[(50, 50), (51, 51), (52, 52), (53, 53), (54, 54), (55, 55), (56, 56), (57, 57), (58, 58), (59, 59), (60, 60), (61, 61), (62, 62), (63, 63), (64, 64), (65, 65), (66, 66), (67, 67), (68, 68), (69, 69), (70, 70), (71, 71), (72, 72), (73, 73), (74, 74), (75, 75), (76, 76), (77, 77), (78, 78), (79, 79), (80, 80), (81, 81), (82, 82), (83, 83), (84, 84), (85, 85), (86, 86), (87, 87), (88, 88), (89, 89), (90, 90), (91, 91), (92, 92), (93, 93), (94, 94), (95, 95), (96, 96), (97, 97), (98, 98), (99, 99)]
+++++++++++++++++++++++++++
records:[293, 293, 295, 312, 314, 321, 321, 321, 321, 321]
+++++++++++++++++++++++++++
[(50, 50), (51, 51), (52, 52), (53, 53), (54, 54), (55, 55), (56, 56), (57, 57), (58, 58), (59, 59), (60, 60), (61, 61), (62, 62), (63, 63), (64, 64), (65, 65), (66, 66), (67, 67), (68, 68), (69, 69), (70, 70), (71, 71), (72, 72), (73, 73), (74, 74), (75, 75), (76, 76), (77, 77), (78, 78), (79, 79), (80, 80), (81, 81), (82, 82), (83, 83), (84, 84), (85, 85), (86, 86), (87, 87), (88, 88), (89, 89), (90, 90), (91, 91), (92, 92), (93, 93), (94, 94), (95, 95), (96, 96), (97, 97), (98, 98), (99, 99)]
+++++++++++++++++++++++++++
records:[293, 293, 295, 295, 312, 314, 321, 321, 321, 321]
+++++++++++++++++++++++++++
[(50, 50), (51, 51), (52, 52), (53, 53), (54, 54), (55, 55), (56, 56), (57, 57), (58, 58), (59, 59), (60, 60), (61, 61), (62, 62), (63, 63), (64, 64), (65, 65), (66, 66), (67, 67), (68, 68), (69, 69), (70, 70), (71, 71), (72, 72), (73, 73), (74, 74), (75, 75), (76, 76), (77, 77), (78, 78), (79, 79), (80, 80), (81, 81), (82, 82), (83, 83), (84, 84), (85, 85), (86, 86), (87, 87), (88, 88), (89, 89), (90, 90), (91, 91), (92, 92), (93, 93), (94, 94), (95, 95), (96, 96), (97, 97), (98, 98), (99, 99)]
+++++++++++++++++++++++++++
records:[293, 293, 293, 295, 295, 312, 314, 321, 321, 321]
+++++++++++++++++++++++++++
[(50, 50), (51, 51), (52, 52), (53, 53), (54, 54), (55, 55), (56, 56), (57, 57), (58, 58), (59, 59), (60, 60), (61, 61), (62, 62), (63, 63), (64, 64), (65, 65), (66, 66), (67, 67), (68, 68), (69, 69), (70, 70), (71, 71), (72, 72), (73, 73), (74, 74), (75, 75), (76, 76), (77, 77), (78, 78), (79, 79), (80, 80), (81, 81), (82, 82), (83, 83), (84, 84), (85, 85), (86, 86), (87, 87), (88, 88), (89, 89), (90, 90), (91, 91), (92, 92), (93, 93), (94, 94), (95, 95), (96, 96), (97, 97), (98, 98), (99, 99)]
+++++++++++++++++++++++++++
records:[293, 293, 293, 295, 295, 295, 312, 314, 321, 321]
+++++++++++++++++++++++++++
[(50, 50), (51, 51), (52, 52), (53, 53), (54, 54), (55, 55), (56, 56), (57, 57), (58, 58), (59, 59), (60, 60), (61, 61), (62, 62), (63, 63), (64, 64), (65, 65), (66, 66), (67, 67), (68, 68), (69, 69), (70, 70), (71, 71), (72, 72), (73, 73), (74, 74), (75, 75), (76, 76), (77, 77), (78, 78), (79, 79), (80, 80), (81, 81), (82, 82), (83, 83), (84, 84), (85, 85), (86, 86), (87, 87), (88, 88), (89, 89), (90, 90), (91, 91), (92, 92), (93, 93), (94, 94), (95, 95), (96, 96), (97, 97), (98, 98), (99, 99)]
+++++++++++++++++++++++++++
records:[293, 293, 293, 293, 295, 295, 295, 312, 314, 321]
+++++++++++++++++++++++++++
[(50, 50), (51, 51), (52, 52), (53, 53), (54, 54), (55, 55), (56, 56), (57, 57), (58, 58), (59, 59), (60, 60), (61, 61), (62, 62), (63, 63), (64, 64), (65, 65), (66, 66), (67, 67), (68, 68), (69, 69), (70, 70), (71, 71), (72, 72), (73, 73), (74, 74), (75, 75), (76, 76), (77, 77), (78, 78), (79, 79), (80, 80), (81, 81), (82, 82), (83, 83), (84, 84), (85, 85), (86, 86), (87, 87), (88, 88), (89, 89), (90, 90), (91, 91), (92, 92), (93, 93), (94, 94), (95, 95), (96, 96), (97, 97), (98, 98), (99, 99)]
+++++++++++++++++++++++++++
records:[293, 293, 293, 293, 293, 295, 295, 295, 312, 314]
+++++++++++++++++++++++++++
[(50, 50), (51, 51), (52, 52), (53, 53), (54, 54), (55, 55), (56, 56), (57, 57), (58, 58), (59, 59), (60, 60), (61, 61), (62, 62), (63, 63), (64, 64), (65, 65), (66, 66), (67, 67), (68, 68), (69, 69), (70, 70), (71, 71), (72, 72), (73, 73), (74, 74), (75, 75), (76, 76), (77, 77), (78, 78), (79, 79), (80, 80), (81, 81), (82, 82), (83, 83), (84, 84), (85, 85), (86, 86), (87, 87), (88, 88), (89, 89), (90, 90), (91, 91), (92, 92), (93, 93), (94, 94), (95, 95), (96, 96), (97, 97), (98, 98), (99, 99)]
+++++++++++++++++++++++++++
records:[293, 293, 293, 293, 293, 295, 295, 295, 295, 312]
+++++++++++++++++++++++++++
[(50, 50), (51, 51), (52, 52), (53, 53), (54, 54), (55, 55), (56, 56), (57, 57), (58, 58), (59, 59), (60, 60), (61, 61), (62, 62), (63, 63), (64, 64), (65, 65), (66, 66), (67, 67), (68, 68), (69, 69), (70, 70), (71, 71), (72, 72), (73, 73), (74, 74), (75, 75), (76, 76), (77, 77), (78, 78), (79, 79), (80, 80), (81, 81), (82, 82), (83, 83), (84, 84), (85, 85), (86, 86), (87, 87), (88, 88), (89, 89), (90, 90), (91, 91), (92, 92), (93, 93), (94, 94), (95, 95), (96, 96), (97, 97), (98, 98), (99, 99)]
+++++++++++++++++++++++++++
records:[293, 293, 293, 293, 293, 293, 295, 295, 295, 295]
+++++++++++++++++++++++++++
[(50, 50), (51, 51), (52, 52), (53, 53), (54, 54), (55, 55), (56, 56), (57, 57), (58, 58), (59, 59), (60, 60), (61, 61), (62, 62), (63, 63), (64, 64), (65, 65), (66, 66), (67, 67), (68, 68), (69, 69), (70, 70), (71, 71), (72, 72), (73, 73), (74, 74), (75, 75), (76, 76), (77, 77), (78, 78), (79, 79), (80, 80), (81, 81), (82, 82), (83, 83), (84, 84), (85, 85), (86, 86), (87, 87), (88, 88), (89, 89), (90, 90), (91, 91), (92, 92), (93, 93), (94, 94), (95, 95), (96, 96), (97, 97), (98, 98), (99, 99)]
+++++++++++++++++++++++++++
records:[293, 293, 293, 293, 293, 293, 293, 295, 295, 295]
+++++++++++++++++++++++++++
[(50, 50), (51, 51), (52, 52), (53, 53), (54, 54), (55, 55), (56, 56), (57, 57), (58, 58), (59, 59), (60, 60), (61, 61), (62, 62), (63, 63), (64, 64), (65, 65), (66, 66), (67, 67), (68, 68), (69, 69), (70, 70), (71, 71), (72, 72), (73, 73), (74, 74), (75, 75), (76, 76), (77, 77), (78, 78), (79, 79), (80, 80), (81, 81), (82, 82), (83, 83), (84, 84), (85, 85), (86, 86), (87, 87), (88, 88), (89, 89), (90, 90), (91, 91), (92, 92), (93, 93), (94, 94), (95, 95), (96, 96), (97, 97), (98, 98), (99, 99)]
+++++++++++++++++++++++++++
