records:[175, 'a', 'a', 'a', 'a', 'a', 'a', 'a', 'a', 'a']
+++++++++++++++++++++++++++
[(50, 50), (51, 51), (52, 52), (53, 53), (54, 54), (55, 55), (56, 56), (57, 57), (58, 58), (59, 59), (60, 60), (61, 61), (62, 62), (63, 63), (64, 64), (65, 65), (66, 66), (67, 67), (68, 68), (69, 69), (70, 70), (71, 71), (72, 72), (73, 73), (74, 74), (75, 75), (76, 76), (77, 77), (78, 78), (79, 79), (80, 80), (81, 81), (82, 82), (83, 83), (84, 84), (85, 85), (86, 86), (87, 87), (88, 88), (89, 89), (90, 90), (91, 91), (92, 92), (93, 93), (94, 94), (95, 95), (96, 96), (97, 97), (98, 98), (99, 99)]
+++++++++++++++++++++++++++
records:[175, 175, 'a', 'a', 'a', 'a', 'a', 'a', 'a', 'a']
+++++++++++++++++++++++++++
[(50, 50), (51, 51), (52, 52), (53, 53), (54, 54), (55, 55), (56, 56), (57, 57), (58, 58), (59, 59), (60, 60), (61, 61), (62, 62), (63, 63), (64, 64), (65, 65), (66, 66), (67, 67), (68, 68), (69, 69), (70, 70), (71, 71), (72, 72), (73, 73), (74, 74), (75, 75), (76, 76), (77, 77), (78, 78), (79, 79), (80, 80), (81, 81), (82, 82), (83, 83), (84, 84), (85, 85), (86, 86), (87, 87), (88, 88), (89, 89), (90, 90), (91, 91), (92, 92), (93, 93), (94, 94), (95, 95), (96, 96), (97, 97), (98, 98), (99, 99)]
+++++++++++++++++++++++++++
records:[175, 175, 182, 'a', 'a', 'a', 'a', 'a', 'a', 'a']
+++++++++++++++++++++++++++
[(50, 50), (51, 51), (52, 52), (53, 53), (54, 54), (55, 55), (56, 56), (57, 57), (58, 58), (59, 59), (60, 60), (61, 61), (62, 62), (63, 63), (64, 64), (65, 65), (66, 66), (67, 67), (68, 68), (69, 69), (70, 70), (71, 71), (72, 72), (73, 73), (74, 74), (75, 75), (76, 76), (77, 77), (78, 78), (79, 79), (80, 80), (81, 81), (82, 82), (83, 83), (84, 84), (85, 85), (86, 86), (87, 87), (88, 88), (89, 89), (90, 90), (91, 91), (92, 92), (93, 93), (94, 94), (95, 95), (96, 96), (97, 97), (98, 98), (99, 99)]
+++++++++++++++++++++++++++
records:[175, 175, 182, 189, 'a', 'a', 'a', 'a', 'a', 'a']
+++++++++++++++++++++++++++
[(50, 50), (51, 51), (52, 52), (53, 53), (54, 54), (55, 55), (56, 56), (57, 57), (58, 58), (59, 59), (60, 60), (61, 61), (62, 62), (63, 63), (64, 64), (65, 65), (66, 66), (67, 67), (68, 68), (69, 69), (70, 70), (71, 71), (72, 72), (73, 73), (74, 74), (75, 75), (76, 76), (77, 77), (78, 78), (79, 79), (80, 80), (81, 81), (82, 82), (83, 83), (84, 84), (85, 85), (86, 86), (87, 87), (88, 88), (89, 89), (90, 90), (91, 91), (92, 92), (93, 93), (94, 94), (95, 95), (96, 96), (97, 97), (98, 98), (99, 99)]
+++++++++++++++++++++++++++
records:[175, 175, 182, 189, 189, 'a', 'a', 'a', 'a', 'a']
+++++++++++++++++++++++++++
[(50, 50), (51, 51), (52, 52), (53, 53), (54, 54), (55, 55), (56, 56), (57, 57), (58, 58), (59, 59), (60, 60), (61, 61), (62, 62), (63, 63), (64, 64), (65, 65), (66, 66), (67, 67), (68, 68), (69, 69), (70, 70), (71, 71), (72, 72), (73, 73), (74, 74), (75, 75), (76, 76), (77, 77), (78, 78), (79, 79), (80, 80), (81, 81), (82, 82), (83, 83), (84, 84), (85, 85), (86, 86), (87, 87), (88, 88), (89, 89), (90, 90), (91, 91), (92, 92), (93, 93), (94, 94), (95, 95), (96, 96), (97, 97), (98, 98), (99, 99)]
+++++++++++++++++++++++++++
records:[175, 175, 182, 189, 189, 189, 'a', 'a', 'a', 'a']
+++++++++++++++++++++++++++
[(50, 50), (51, 51), (52, 52), (53, 53), (54, 54), (55, 55), (56, 56), (57, 57), (58, 58), (59, 59), (60, 60), (61, 61), (62, 62), (63, 63), (64, 64), (65, 65), (66, 66), (67, 67), (68, 68), (69, 69), (70, 70), (71, 71), (72, 72), (73, 73), (74, 74), (75, 75), (76, 76), (77, 77), (78, 78), (79, 79), (80, 80), (81, 81), (82, 82), (83, 83), (84, 84), (85, 85), (86, 86), (87, 87), (88, 88), (89, 89), (90, 90), (91, 91), (92, 92), (93, 93), (94, 94), (95, 95), (96, 96), (97, 97), (98, 98), (99, 99)]
+++++++++++++++++++++++++++
records:[175, 175, 182, 189, 189, 189, 205, 'a', 'a', 'a']
+++++++++++++++++++++++++++
[(50, 50), (51, 51), (52, 52), (53, 53), (54, 54), (55, 55), (56, 56), (57, 57), (58, 58), (59, 59), (60, 60), (61, 61), (62, 62), (63, 63), (64, 64), (65, 65), (66, 66), (67, 67), (68, 68), (69, 69), (70, 70), (71, 71), (72, 72), (73, 73), (74, 74), (75, 75), (76, 76), (77, 77), (78, 78), (79, 79), (80, 80), (81, 81), (82, 82), (83, 83), (84, 84), (85, 85), (86, 86), (87, 87), (88, 88), (89, 89), (90, 90), (91, 91), (92, 92), (93, 93), (94, 94), (95, 95), (96, 96), (97, 97), (98, 98), (99, 99)]
+++++++++++++++++++++++++++
records:[175, 175, 182, 189, 189, 189, 205, 205, 'a', 'a']
+++++++++++++++++++++++++++
[(50, 50), (51, 51), (52, 52), (53, 53), (54, 54), (55, 55), (56, 56), (57, 57), (58, 58), (59, 59), (60, 60), (61, 61), (62, 62), (63, 63), (64, 64), (65, 65), (66, 66), (67, 67), (68, 68), (69, 69), (70, 70), (71, 71), (72, 72), (73, 73), (74, 74), (75, 75), (76, 76), (77, 77), (78, 78), (79, 79), (80, 80), (81, 81), (82, 82), (83, 83), (84, 84), (85, 85), (86, 86), (87, 87), (88, 88), (89, 89), (90, 90), (91, 91), (92, 92), (93, 93), (94, 94), (95, 95), (96, 96), (97, 97), (98, 98), (99, 99)]
+++++++++++++++++++++++++++
records:[175, 175, 182, 189, 189, 189, 205, 205, 205, 'a']
+++++++++++++++++++++++++++
[(50, 50), (51, 51), (52, 52), (53, 53), (54, 54), (55, 55), (56, 56), (57, 57), (58, 58), (59, 59), (60, 60), (61, 61), (62, 62), (63, 63), (64, 64), (65, 65), (66, 66), (67, 67), (68, 68), (69, 69), (70, 70), (71, 71), (72, 72), (73, 73), (74, 74), (75, 75), (76, 76), (77, 77), (78, 78), (79, 79), (80, 80), (81, 81), (82, 82), (83, 83), (84, 84), (85, 85), (86, 86), (87, 87), (88, 88), (89, 89), (90, 90), (91, 91), (92, 92), (93, 93), (94, 94), (95, 95), (96, 96), (97, 97), (98, 98), (99, 99)]
+++++++++++++++++++++++++++
records:[175, 175, 182, 189, 189, 189, 205, 205, 205, 205]
+++++++++++++++++++++++++++
[(50, 50), (51, 51), (52, 52), (53, 53), (54, 54), (55, 55), (56, 56), (57, 57), (58, 58), (59, 59), (60, 60), (61, 61), (62, 62), (63, 63), (64, 64), (65, 65), (66, 66), (67, 67), (68, 68), (69, 69), (70, 70), (71, 71), (72, 72), (73, 73), (74, 74), (75, 75), (76, 76), (77, 77), (78, 78), (79, 79), (80, 80), (81, 81), (82, 82), (83, 83), (84, 84), (85, 85), (86, 86), (87, 87), (88, 88), (89, 89), (90, 90), (91, 91), (92, 92), (93, 93), (94, 94), (95, 95), (96, 96), (97, 97), (98, 98), (99, 99)]
+++++++++++++++++++++++++++
records:[175, 175, 182, 189, 189, 189, 192, 205, 205, 205]
+++++++++++++++++++++++++++
[(50, 50), (51, 51), (52, 52), (53, 53), (54, 54), (55, 55), (56, 56), (57, 57), (58, 58), (59, 59), (60, 60), (61, 61), (62, 62), (63, 63), (64, 64), (65, 65), (66, 66), (67, 67), (68, 68), (69, 69), (70, 70), (71, 71), (72, 72), (73, 73), (74, 74), (75, 75), (76, 76), (77, 77), (78, 78), (79, 79), (80, 80), (81, 81), (82, 82), (83, 83), (84, 84), (85, 85), (86, 86), (87, 87), (88, 88), (89, 89), (90, 90), (91, 91), (92, 92), (93, 93), (94, 94), (95, 95), (96, 96), (97, 97), (98, 98), (99, 99)]
+++++++++++++++++++++++++++
records:[175, 175, 182, 189, 189, 189, 189, 192, 205, 205]
+++++++++++++++++++++++++++
[(50, 50), (51, 51), (52, 52), (53, 53), (54, 54), (55, 55), (56, 56), (57, 57), (58, 58), (59, 59), (60, 60), (61, 61), (62, 62), (63, 63), (64, 64), (65, 65), (66, 66), (67, 67), (68, 68), (69, 69), (70, 70), (71, 71), (72, 72), (73, 73), (74, 74), (75, 75), (76, 76), (77, 77), (78, 78), (79, 79), (80, 80), (81, 81), (82, 82), (83, 83), (84, 84), (85, 85), (86, 86), (87, 87), (88, 88), (89, 89), (90, 90), (91, 91), (92, 92), (93, 93), (94, 94), (95, 95), (96, 96), (97, 97), (98, 98), (99, 99)]
+++++++++++++++++++++++++++
records:[175, 175, 182, 189, 189, 189, 189, 192, 197, 205]
+++++++++++++++++++++++++++
[(50, 50), (51, 51), (52, 52), (53, 53), (54, 54), (55, 55), (56, 56), (57, 57), (58, 58), (59, 59), (60, 60), (61, 61), (62, 62), (63, 63), (64, 64), (65, 65), (66, 66), (67, 67), (68, 68), (69, 69), (70, 70), (71, 71), (72, 72), (73, 73), (74, 74), (75, 75), (76, 76), (77, 77), (78, 78), (79, 79), (80, 80), (81, 81), (82, 82), (83, 83), (84, 84), (85, 85), (86, 86), (87, 87), (88, 88), (89, 89), (90, 90), (91, 91), (92, 92), (93, 93), (94, 94), (95, 95), (96, 96), (97, 97), (98, 98), (99, 99)]
+++++++++++++++++++++++++++
records:[175, 175, 182, 189, 189, 189, 189, 192, 193, 197]
+++++++++++++++++++++++++++
[(50, 50), (51, 51), (52, 52), (53, 53), (54, 54), (55, 55), (56, 56), (57, 57), (58, 58), (59, 59), (60, 60), (61, 61), (62, 62), (63, 63), (64, 64), (65, 65), (66, 66), (67, 67), (68, 68), (69, 69), (70, 70), (71, 71), (72, 72), (73, 73), (74, 74), (75, 75), (76, 76), (77, 77), (78, 78), (79, 79), (80, 80), (81, 81), (82, 82), (83, 83), (84, 84), (85, 85), (86, 86), (87, 87), (88, 88), (89, 89), (90, 90), (91, 91), (92, 92), (93, 93), (94, 94), (95, 95), (96, 96), (97, 97), (98, 98), (99, 99)]
+++++++++++++++++++++++++++
records:[175, 175, 182, 189, 189, 189, 189, 192, 192, 193]
+++++++++++++++++++++++++++
[(50, 50), (51, 51), (52, 52), (53, 53), (54, 54), (55, 55), (56, 56), (57, 57), (58, 58), (59, 59), (60, 60), (61, 61), (62, 62), (63, 63), (64, 64), (65, 65), (66, 66), (67, 67), (68, 68), (69, 69), (70, 70), (71, 71), (72, 72), (73, 73), (74, 74), (75, 75), (76, 76), (77, 77), (78, 78), (79, 79), (80, 80), (81, 81), (82, 82), (83, 83), (84, 84), (85, 85), (86, 86), (87, 87), (88, 88), (89, 89), (90, 90), (91, 91), (92, 92), (93, 93), (94, 94), (95, 95), (96, 96), (97, 97), (98, 98), (99, 99)]
+++++++++++++++++++++++++++
records:[175, 175, 182, 189, 189, 189, 189, 192, 192, 192]
+++++++++++++++++++++++++++
[(50, 50), (51, 51), (52, 52), (53, 53), (54, 54), (55, 55), (56, 56), (57, 57), (58, 58), (59, 59), (60, 60), (61, 61), (62, 62), (63, 63), (64, 64), (65, 65), (66, 66), (67, 67), (68, 68), (69, 69), (70, 70), (71, 71), (72, 72), (73, 73), (74, 74), (75, 75), (76, 76), (77, 77), (78, 78), (79, 79), (80, 80), (81, 81), (82, 82), (83, 83), (84, 84), (85, 85), (86, 86), (87, 87), (88, 88), (89, 89), (90, 90), (91, 91), (92, 92), (93, 93), (94, 94), (95, 95), (96, 96), (97, 97), (98, 98), (99, 99)]
+++++++++++++++++++++++++++
records:[175, 175, 182, 186, 189, 189, 189, 189, 192, 192]
+++++++++++++++++++++++++++
[(50, 50), (51, 51), (52, 52), (53, 53), (54, 54), (55, 55), (56, 56), (57, 57), (58, 58), (59, 59), (60, 60), (61, 61), (62, 62), (63, 63), (64, 64), (65, 65), (66, 66), (67, 67), (68, 68), (69, 69), (70, 70), (71, 71), (72, 72), (73, 73), (74, 74), (75, 75), (76, 76), (77, 77), (78, 78), (79, 79), (80, 80), (81, 81), (82, 82), (83, 83), (84, 84), (85, 85), (86, 86), (87, 87), (88, 88), (89, 89), (90, 90), (91, 91), (92, 92), (93, 93), (94, 94), (95, 95), (96, 96), (97, 97), (98, 98), (99, 99)]
+++++++++++++++++++++++++++
records:[175, 175, 177, 182, 186, 189, 189, 189, 189, 192]
+++++++++++++++++++++++++++
[(50, 50), (51, 51), (52, 52), (53, 53), (54, 54), (55, 55), (56, 56), (57, 57), (58, 58), (59, 59), (60, 60), (61, 61), (62, 62), (63, 63), (64, 64), (65, 65), (66, 66), (67, 67), (68, 68), (69, 69), (70, 70), (71, 71), (72, 72), (73, 73), (74, 74), (75, 75), (76, 76), (77, 77), (78, 78), (79, 79), (80, 80), (81, 81), (82, 82), (83, 83), (84, 84), (85, 85), (86, 86), (87, 87), (88, 88), (89, 89), (90, 90), (91, 91), (92, 92), (93, 93), (94, 94), (95, 95), (96, 96), (97, 97), (98, 98), (99, 99)]
+++++++++++++++++++++++++++
records:[175, 175, 177, 177, 182, 186, 189, 189, 189, 189]
+++++++++++++++++++++++++++
[(50, 50), (51, 51), (52, 52), (53, 53), (54, 54), (55, 55), (56, 56), (57, 57), (58, 58), (59, 59), (60, 60), (61, 61), (62, 62), (63, 63), (64, 64), (65, 65), (66, 66), (67, 67), (68, 68), (69, 69), (70, 70), (71, 71), (72, 72), (73, 73), (74, 74), (75, 75), (76, 76), (77, 77), (78, 78), (79, 79), (80, 80), (81, 81), (82, 82), (83, 83), (84, 84), (85, 85), (86, 86), (87, 87), (88, 88), (89, 89), (90, 90), (91, 91), (92, 92), (93, 93), (94, 94), (95, 95), (96, 96), (97, 97), (98, 98), (99, 99)]
+++++++++++++++++++++++++++
records:[175, 175, 177, 177, 182, 184, 186, 189, 189, 189]
+++++++++++++++++++++++++++
[(50, 50), (51, 51), (52, 52), (53, 53), (54, 54), (55, 55), (56, 56), (57, 57), (58, 58), (59, 59), (60, 60), (61, 61), (62, 62), (63, 63), (64, 64), (65, 65), (66, 66), (67, 67), (68, 68), (69, 69), (70, 70), (71, 71), (72, 72), (73, 73), (74, 74), (75, 75), (76, 76), (77, 77), (78, 78), (79, 79), (80, 80), (81, 81), (82, 82), (83, 83), (84, 84), (85, 85), (86, 86), (87, 87), (88, 88), (89, 89), (90, 90), (91, 91), (92, 92), (93, 93), (94, 94), (95, 95), (96, 96), (97, 97), (98, 98), (99, 99)]
+++++++++++++++++++++++++++
records:[175, 175, 177, 177, 182, 184, 186, 186, 189, 189]
+++++++++++++++++++++++++++
[(50, 50), (51, 51), (52, 52), (53, 53), (54, 54), (55, 55), (56, 56), (57, 57), (58, 58), (59, 59), (60, 60), (61, 61), (62, 62), (63, 63), (64, 64), (65, 65), (66, 66), (67, 67), (68, 68), (69, 69), (70, 70), (71, 71), (72, 72), (73, 73), (74, 74), (75, 75), (76, 76), (77, 77), (78, 78), (79, 79), (80, 80), (81, 81), (82, 82), (83, 83), (84, 84), (85, 85), (86, 86), (87, 87), (88, 88), (89, 89), (90, 90), (91, 91), (92, 92), (93, 93), (94, 94), (95, 95), (96, 96), (97, 97), (98, 98), (99, 99)]
+++++++++++++++++++++++++++
records:[175, 175, 177, 177, 182, 184, 186, 186, 186, 189]
+++++++++++++++++++++++++++
[(50, 50), (51, 51), (52, 52), (53, 53), (54, 54), (55, 55), (56, 56), (57, 57), (58, 58), (59, 59), (60, 60), (61, 61), (62, 62), (63, 63), (64, 64), (65, 65), (66, 66), (67, 67), (68, 68), (69, 69), (70, 70), (71, 71), (72, 72), (73, 73), (74, 74), (75, 75), (76, 76), (77, 77), (78, 78), (79, 79), (80, 80), (81, 81), (82, 82), (83, 83), (84, 84), (85, 85), (86, 86), (87, 87), (88, 88), (89, 89), (90, 90), (91, 91), (92, 92), (93, 93), (94, 94), (95, 95), (96, 96), (97, 97), (98, 98), (99, 99)]
+++++++++++++++++++++++++++
records:[175, 175, 177, 177, 177, 182, 184, 186, 186, 186]
+++++++++++++++++++++++++++
[(50, 50), (51, 51), (52, 52), (53, 53), (54, 54), (55, 55), (56, 56), (57, 57), (58, 58), (59, 59), (60, 60), (61, 61), (62, 62), (63, 63), (64, 64), (65, 65), (66, 66), (67, 67), (68, 68), (69, 69), (70, 70), (71, 71), (72, 72), (73, 73), (74, 74), (75, 75), (76, 76), (77, 77), (78, 78), (79, 79), (80, 80), (81, 81), (82, 82), (83, 83), (84, 84), (85, 85), (86, 86), (87, 87), (88, 88), (89, 89), (90, 90), (91, 91), (92, 92), (93, 93), (94, 94), (95, 95), (96, 96), (97, 97), (98, 98), (99, 99)]
+++++++++++++++++++++++++++
records:[175, 175, 177, 177, 177, 177, 182, 184, 186, 186]
+++++++++++++++++++++++++++
[(50, 50), (51, 51), (52, 52), (53, 53), (54, 54), (55, 55), (56, 56), (57, 57), (58, 58), (59, 59), (60, 60), (61, 61), (62, 62), (63, 63), (64, 64), (65, 65), (66, 66), (67, 67), (68, 68), (69, 69), (70, 70), (71, 71), (72, 72), (73, 73), (74, 74), (75, 75), (76, 76), (77, 77), (78, 78), (79, 79), (80, 80), (81, 81), (82, 82), (83, 83), (84, 84), (85, 85), (86, 86), (87, 87), (88, 88), (89, 89), (90, 90), (91, 91), (92, 92), (93, 93), (94, 94), (95, 95), (96, 96), (97, 97), (98, 98), (99, 99)]
+++++++++++++++++++++++++++
records:[175, 175, 177, 177, 177, 177, 182, 184, 184, 186]
+++++++++++++++++++++++++++
[(50, 50), (51, 51), (52, 52), (53, 53), (54, 54), (55, 55), (56, 56), (57, 57), (58, 58), (59, 59), (60, 60), (61, 61), (62, 62), (63, 63), (64, 64), (65, 65), (66, 66), (67, 67), (68, 68), (69, 69), (70, 70), (71, 71), (72, 72), (73, 73), (74, 74), (75, 75), (76, 76), (77, 77), (78, 78), (79, 79), (80, 80), (81, 81), (82, 82), (83, 83), (84, 84), (85, 85), (86, 86), (87, 87), (88, 88), (89, 89), (90, 90), (91, 91), (92, 92), (93, 93), (94, 94), (95, 95), (96, 96), (97, 97), (98, 98), (99, 99)]
+++++++++++++++++++++++++++
records:[175, 175, 177, 177, 177, 177, 182, 182, 184, 184]
+++++++++++++++++++++++++++
[(50, 50), (51, 51), (52, 52), (53, 53), (54, 54), (55, 55), (56, 56), (57, 57), (58, 58), (59, 59), (60, 60), (61, 61), (62, 62), (63, 63), (64, 64), (65, 65), (66, 66), (67, 67), (68, 68), (69, 69), (70, 70), (71, 71), (72, 72), (73, 73), (74, 74), (75, 75), (76, 76), (77, 77), (78, 78), (79, 79), (80, 80), (81, 81), (82, 82), (83, 83), (84, 84), (85, 85), (86, 86), (87, 87), (88, 88), (89, 89), (90, 90), (91, 91), (92, 92), (93, 93), (94, 94), (95, 95), (96, 96), (97, 97), (98, 98), (99, 99)]
+++++++++++++++++++++++++++
records:[175, 175, 177, 177, 177, 177, 177, 182, 182, 184]
+++++++++++++++++++++++++++
[(50, 50), (51, 51), (52, 52), (53, 53), (54, 54), (55, 55), (56, 56), (57, 57), (58, 58), (59, 59), (60, 60), (61, 61), (62, 62), (63, 63), (64, 64), (65, 65), (66, 66), (67, 67), (68, 68), (69, 69), (70, 70), (71, 71), (72, 72), (73, 73), (74, 74), (75, 75), (76, 76), (77, 77), (78, 78), (79, 79), (80, 80), (81, 81), (82, 82), (83, 83), (84, 84), (85, 85), (86, 86), (87, 87), (88, 88), (89, 89), (90, 90), (91, 91), (92, 92), (93, 93), (94, 94), (95, 95), (96, 96), (97, 97), (98, 98), (99, 99)]
+++++++++++++++++++++++++++
records:[175, 175, 177, 177, 177, 177, 177, 177, 182, 182]
+++++++++++++++++++++++++++
[(50, 50), (51, 51), (52, 52), (53, 53), (54, 54), (55, 55), (56, 56), (57, 57), (58, 58), (59, 59), (60, 60), (61, 61), (62, 62), (63, 63), (64, 64), (65, 65), (66, 66), (67, 67), (68, 68), (69, 69), (70, 70), (71, 71), (72, 72), (73, 73), (74, 74), (75, 75), (76, 76), (77, 77), (78, 78), (79, 79), (80, 80), (81, 81), (82, 82), (83, 83), (84, 84), (85, 85), (86, 86), (87, 87), (88, 88), (89, 89), (90, 90), (91, 91), (92, 92), (93, 93), (94, 94), (95, 95), (96, 96), (97, 97), (98, 98), (99, 99)]
+++++++++++++++++++++++++++
records:[175, 175, 177, 177, 177, 177, 177, 177, 177, 182]
+++++++++++++++++++++++++++
[(50, 50), (51, 51), (52, 52), (53, 53), (54, 54), (55, 55), (56, 56), (57, 57), (58, 58), (59, 59), (60, 60), (61, 61), (62, 62), (63, 63), (64, 64), (65, 65), (66, 66), (67, 67), (68, 68), (69, 69), (70, 70), (71, 71), (72, 72), (73, 73), (74, 74), (75, 75), (76, 76), (77, 77), (78, 78), (79, 79), (80, 80), (81, 81), (82, 82), (83, 83), (84, 84), (85, 85), (86, 86), (87, 87), (88, 88), (89, 89), (90, 90), (91, 91), (92, 92), (93, 93), (94, 94), (95, 95), (96, 96), (97, 97), (98, 98), (99, 99)]
+++++++++++++++++++++++++++
records:[175, 175, 177, 177, 177, 177, 177, 177, 177, 181]
+++++++++++++++++++++++++++
[(50, 50), (51, 51), (52, 52), (53, 53), (54, 54), (55, 55), (56, 56), (57, 57), (58, 58), (59, 59), (60, 60), (61, 61), (62, 62), (63, 63), (64, 64), (65, 65), (66, 66), (67, 67), (68, 68), (69, 69), (70, 70), (71, 71), (72, 72), (73, 73), (74, 74), (75, 75), (76, 76), (77, 77), (78, 78), (79, 79), (80, 80), (81, 81), (82, 82), (83, 83), (84, 84), (85, 85), (86, 86), (87, 87), (88, 88), (89, 89), (90, 90), (91, 91), (92, 92), (93, 93), (94, 94), (95, 95), (96, 96), (97, 97), (98, 98), (99, 99)]
+++++++++++++++++++++++++++
records:[175, 175, 177, 177, 177, 177, 177, 177, 177, 177]
+++++++++++++++++++++++++++
[(50, 50), (51, 51), (52, 52), (53, 53), (54, 54), (55, 55), (56, 56), (57, 57), (58, 58), (59, 59), (60, 60), (61, 61), (62, 62), (63, 63), (64, 64), (65, 65), (66, 66), (67, 67), (68, 68), (69, 69), (70, 70), (71, 71), (72, 72), (73, 73), (74, 74), (75, 75), (76, 76), (77, 77), (78, 78), (79, 79), (80, 80), (81, 81), (82, 82), (83, 83), (84, 84), (85, 85), (86, 86), (87, 87), (88, 88), (89, 89), (90, 90), (91, 91), (92, 92), (93, 93), (94, 94), (95, 95), (96, 96), (97, 97), (98, 98), (99, 99)]
+++++++++++++++++++++++++++
records:[175, 175, 175, 177, 177, 177, 177, 177, 177, 177]
+++++++++++++++++++++++++++
[(50, 50), (51, 51), (52, 52), (53, 53), (54, 54), (55, 55), (56, 56), (57, 57), (58, 58), (59, 59), (60, 60), (61, 61), (62, 62), (63, 63), (64, 64), (65, 65), (66, 66), (67, 67), (68, 68), (69, 69), (70, 70), (71, 71), (72, 72), (73, 73), (74, 74), (75, 75), (76, 76), (77, 77), (78, 78), (79, 79), (80, 80), (81, 81), (82, 82), (83, 83), (84, 84), (85, 85), (86, 86), (87, 87), (88, 88), (89, 89), (90, 90), (91, 91), (92, 92), (93, 93), (94, 94), (95, 95), (96, 96), (97, 97), (98, 98), (99, 99)]
+++++++++++++++++++++++++++
records:[175, 175, 175, 175, 177, 177, 177, 177, 177, 177]
+++++++++++++++++++++++++++
[(50, 50), (51, 51), (52, 52), (53, 53), (54, 54), (55, 55), (56, 56), (57, 57), (58, 58), (59, 59), (60, 60), (61, 61), (62, 62), (63, 63), (64, 64), (65, 65), (66, 66), (67, 67), (68, 68), (69, 69), (70, 70), (71, 71), (72, 72), (73, 73), (74, 74), (75, 75), (76, 76), (77, 77), (78, 78), (79, 79), (80, 80), (81, 81), (82, 82), (83, 83), (84, 84), (85, 85), (86, 86), (87, 87), (88, 88), (89, 89), (90, 90), (91, 91), (92, 92), (93, 93), (94, 94), (95, 95), (96, 96), (97, 97), (98, 98), (99, 99)]
+++++++++++++++++++++++++++
records:[175, 175, 175, 175, 175, 177, 177, 177, 177, 177]
+++++++++++++++++++++++++++
[(50, 50), (51, 51), (52, 52), (53, 53), (54, 54), (55, 55), (56, 56), (57, 57), (58, 58), (59, 59), (60, 60), (61, 61), (62, 62), (63, 63), (64, 64), (65, 65), (66, 66), (67, 67), (68, 68), (69, 69), (70, 70), (71, 71), (72, 72), (73, 73), (74, 74), (75, 75), (76, 76), (77, 77), (78, 78), (79, 79), (80, 80), (81, 81), (82, 82), (83, 83), (84, 84), (85, 85), (86, 86), (87, 87), (88, 88), (89, 89), (90, 90), (91, 91), (92, 92), (93, 93), (94, 94), (95, 95), (96, 96), (97, 97), (98, 98), (99, 99)]
+++++++++++++++++++++++++++
records:[175, 175, 175, 175, 175, 175, 177, 177, 177, 177]
+++++++++++++++++++++++++++
[(50, 50), (51, 51), (52, 52), (53, 53), (54, 54), (55, 55), (56, 56), (57, 57), (58, 58), (59, 59), (60, 60), (61, 61), (62, 62), (63, 63), (64, 64), (65, 65), (66, 66), (67, 67), (68, 68), (69, 69), (70, 70), (71, 71), (72, 72), (73, 73), (74, 74), (75, 75), (76, 76), (77, 77), (78, 78), (79, 79), (80, 80), (81, 81), (82, 82), (83, 83), (84, 84), (85, 85), (86, 86), (87, 87), (88, 88), (89, 89), (90, 90), (91, 91), (92, 92), (93, 93), (94, 94), (95, 95), (96, 96), (97, 97), (98, 98), (99, 99)]
+++++++++++++++++++++++++++
records:[175, 175, 175, 175, 175, 175, 175, 177, 177, 177]
+++++++++++++++++++++++++++
[(50, 50), (51, 51), (52, 52), (53, 53), (54, 54), (55, 55), (56, 56), (57, 57), (58, 58), (59, 59), (60, 60), (61, 61), (62, 62), (63, 63), (64, 64), (65, 65), (66, 66), (67, 67), (68, 68), (69, 69), (70, 70), (71, 71), (72, 72), (73, 73), (74, 74), (75, 75), (76, 76), (77, 77), (78, 78), (79, 79), (80, 80), (81, 81), (82, 82), (83, 83), (84, 84), (85, 85), (86, 86), (87, 87), (88, 88), (89, 89), (90, 90), (91, 91), (92, 92), (93, 93), (94, 94), (95, 95), (96, 96), (97, 97), (98, 98), (99, 99)]
+++++++++++++++++++++++++++
records:[175, 175, 175, 175, 175, 175, 175, 175, 177, 177]
+++++++++++++++++++++++++++
[(50, 50), (51, 51), (52, 52), (53, 53), (54, 54), (55, 55), (56, 56), (57, 57), (58, 58), (59, 59), (60, 60), (61, 61), (62, 62), (63, 63), (64, 64), (65, 65), (66, 66), (67, 67), (68, 68), (69, 69), (70, 70), (71, 71), (72, 72), (73, 73), (74, 74), (75, 75), (76, 76), (77, 77), (78, 78), (79, 79), (80, 80), (81, 81), (82, 82), (83, 83), (84, 84), (85, 85), (86, 86), (87, 87), (88, 88), (89, 89), (90, 90), (91, 91), (92, 92), (93, 93), (94, 94), (95, 95), (96, 96), (97, 97), (98, 98), (99, 99)]
+++++++++++++++++++++++++++
records:[175, 175, 175, 175, 175, 175, 175, 175, 175, 177]
+++++++++++++++++++++++++++
[(50, 50), (51, 51), (52, 52), (53, 53), (54, 54), (55, 55), (56, 56), (57, 57), (58, 58), (59, 59), (60, 60), (61, 61), (62, 62), (63, 63), (64, 64), (65, 65), (66, 66), (67, 67), (68, 68), (69, 69), (70, 70), (71, 71), (72, 72), (73, 73), (74, 74), (75, 75), (76, 76), (77, 77), (78, 78), (79, 79), (80, 80), (81, 81), (82, 82), (83, 83), (84, 84), (85, 85), (86, 86), (87, 87), (88, 88), (89, 89), (90, 90), (91, 91), (92, 92), (93, 93), (94, 94), (95, 95), (96, 96), (97, 97), (98, 98), (99, 99)]
+++++++++++++++++++++++++++
records:[175, 175, 175, 175, 175, 175, 175, 175, 175, 175]
+++++++++++++++++++++++++++
[(50, 50), (51, 51), (52, 52), (53, 53), (54, 54), (55, 55), (56, 56), (57, 57), (58, 58), (59, 59), (60, 60), (61, 61), (62, 62), (63, 63), (64, 64), (65, 65), (66, 66), (67, 67), (68, 68), (69, 69), (70, 70), (71, 71), (72, 72), (73, 73), (74, 74), (75, 75), (76, 76), (77, 77), (78, 78), (79, 79), (80, 80), (81, 81), (82, 82), (83, 83), (84, 84), (85, 85), (86, 86), (87, 87), (88, 88), (89, 89), (90, 90), (91, 91), (92, 92), (93, 93), (94, 94), (95, 95), (96, 96), (97, 97), (98, 98), (99, 99)]
+++++++++++++++++++++++++++
